0              
0.0154 0
0.0254 0.0269 0
0.0178 0.0165 0.0274 0
0.0200 0.0229 0.0303 0.0230 0
0.0149 0.0099 0.0256 0.0159 0.0210 0
0.0148 0.0097 0.0256 0.0162 0.0211 0.0002 0
0.0149 0.0099 0.0256 0.0159 0.0210 0.0000 0.0002 0
0.0149 0.0097 0.0256 0.0159 0.0210 0.0000 0.0002 0.0000 0
0.0149 0.0099 0.0255 0.0160 0.0212 0.0001 0.0002 0.0001 0.0001 0
0.1814 0.1814 0.1817 0.1807 0.1822 0.1839 0.1839 0.1839 0.1839 0.1826 0
0.1805 0.1812 0.1814 0.1805 0.1820 0.1837 0.1837 0.1837 0.1837 0.1825 0.0106 0
0.1813 0.1792 0.1814 0.1806 0.1817 0.1839 0.1839 0.1839 0.1839 0.1826 0.0129 0.0135 0
0.0161 0.0012 0.0282 0.0174 0.0247 0.0107 0.0107 0.0107 0.0106 0.0108 0.1868 0.1866 0.1872 0
0.0163 0.0014 0.0282 0.0173 0.0246 0.0106 0.0107 0.0106 0.0104 0.0106 0.1868 0.1866 0.1872 0.0009 0